image_width: 1280
image_height: 480
camera_name: head_camera
camera_matrix:
  rows: 3
  cols: 3
  data: [815.552699, 0, 680.541317, 0, 765.8911440000001, 308.618986, 0, 0, 1]
distortion_model: plumb_bob
distortion_coefficients:
  rows: 1
  cols: 5
  data: [-0.08484499999999999, -0.196488, -0.000722, -0.034874, 0]
rectification_matrix:
  rows: 3
  cols: 3
  data: [1, 0, 0, 0, 1, 0, 0, 0, 1]
projection_matrix:
  rows: 3
  cols: 4
  data: [-1197.91687, 0, -10.931562, 0, 0, 1200.25293, 483.645303, 0, 0, 0, 1, 0]
