# oST version 5.0 parameters


[image]

width
1280

height
480

[narrow_stereo]

camera matrix
815.552699 0.000000 680.541317
0.000000 765.891144 308.618986
0.000000 0.000000 1.000000

distortion
-0.084845 -0.196488 -0.000722 -0.034874 0.000000

rectification
1.000000 0.000000 0.000000
0.000000 1.000000 0.000000
0.000000 0.000000 1.000000

projection
-1197.916870 0.000000 -10.931562 0.000000
0.000000 1200.252930 483.645303 0.000000
0.000000 0.000000 1.000000 0.000000

